12345670
12345679
00000000
00005678
01230000
01234567
01234568
05678900
08675309
09876543
11111111
12340000
12344321
12345670
13579000
22222222
33333333
43210000
55555555
77777777
78540000
87654321
88888888
99999999

# Brand specific WPS PINs
# ASUS
20171365
26389505
45067740
83692750
85640835

# Belkin
12345670
36363636
45727840
45729000
71727340

# D-Link
01430325
08463179
09430723
12345670
34050390
45727850
84176633

# Edimax
00376104
01234567
02468097
20819215
31415926
32769756

# Linksys
01230000
12340000
12345670

# Netgear
01234567
20070829
22111986
23533573
24793146
30530625
42027738
45027738
77613198

# Philips
13579246
55066221

# TP-Link
20170428
20833025
27436042
28097161
32083112
36815266
37877795
46049028
47757812
50492376
56558133
60336500
62079118
67219733
69989557
70550633
75793752
76890669
95585258
97472484

# ZTE
26037893
46884236
59377936

# ZyXEL
19750207
19750420
22111986
38981712
39341700
56225725
56781214
67459527
69837598
87654321

# TRENDnet
12345670
21800326
46098442

# Huawei
05024794
07472797
15624673
34173605
40731049
43326607
49392109
51646014
51856045
59683307
64009057
77104967
88305841
